Case #1: 33.3333333 66.6666667 
Case #2: 0.0 100.0 
Case #3: 25.0 25.0 25.0 25.0 
Case #4: 34.6666667 26.6666667 38.6666667 
Case #5: 14.2857143 14.2857143 14.2857143 14.2857143 0.0 14.2857143 14.2857143 14.2857143 
Case #6: 50.0 50.0 
Case #7: 11.4331723 10.3979756 10.8120543 11.6402116 11.4331723 9.9838969 10.3979756 0.0 12.0542903 11.847251 
Case #8: 10.0 10.0 10.0 10.0 10.0 10.0 10.0 10.0 10.0 10.0 
Case #9: 2.2727273 13.8636364 14.3181818 13.8636364 13.8636364 14.3181818 13.8636364 13.6363636 
Case #10: 10.0451004 13.1816318 13.1816318 12.2591226 12.8126281 8.5690857 7.6465765 10.2296023 12.0746207 
Case #11: 47.2727273 52.7272727 
Case #12: 0.0 25.0 25.0 25.0 25.0 0.0 0.0 
Case #13: 66.6666667 33.3333333 
Case #14: 9.9099099 9.7297297 10.6306306 9.5495495 11.7117117 9.3693694 9.1891892 12.0720721 9.7297297 8.1081081 
Case #15: 11.1111111 11.1111111 11.1111111 11.1111111 11.1111111 11.1111111 11.1111111 11.1111111 11.1111111 0.0 
Case #16: 0.0 19.4899818 17.8506375 5.3916211 10.9653916 9.981785 8.3424408 19.4899818 7.6867031 0.8014572 
Case #17: 86.2068966 13.7931034 
Case #18: 16.6666667 16.6666667 16.6666667 16.6666667 16.6666667 16.6666667 
Case #19: 0.0 100.0 
Case #20: 19.9335548 0.0 0.0 0.0 19.9335548 0.0 20.2657807 19.9335548 19.9335548 
