3988
232 51
300 4350
300 3010
177 3196
79 61
300 6570
122 81
216 71
300 3020
300 4720
75 51
25 31
190 51
107 51
300 4910
300 3840
40 91
143 81
186 31
130 91
177 21
294 51
300 6220
300 8200
300 9150
165 11
237 81
114 41
285 21
158 41
300 1090
71 61
118 11
113 41
300 4390
42 180
86 91
286 51
62 392
95 31
128 91
300 2500
100 51
96 71
167 51
287 51
88 31
156 21
144 1
300 1040
201 71
165 91
300 7210
267 51
85 1
257 11
184 41
54 297
220 51
300 5960
135 81
300 7270
47 91
150 91
300 6930
145 31
76 41
108 1
46 91
150 61
45 91
149 11
300 820
243 71
73 51
142 1
244 1
245 11
300 5300
102 41
146 41
246 11
193 71
17 11
44 51
300 1800
300 1550
18 11
296 81
92 11
175 1
137 1915
300 3300
139 51
300 2250
300 6820
83 71
300 390
300 4640
97 51
300 7820
156 2483
300 8590
300 8640
184 3454
300 8220
300 7810
61 41
160 51
98 980
300 2390
72 528
228 31
201 21
102 1061
300 540
213 4629
195 21
275 51
56 81
97 31
69 51
289 31
239 91
57 21
300 1200
136 41
216 41
280 71
209 71
300 420
286 1
69 91
300 5670
300 3550
230 41
138 11
257 71
160 1
37 81
80 71
110 71
116 21
36 41
197 3960
300 6170
106 31
300 8870
300 1120
248 6275
300 4320
67 81
70 71
128 31
259 41
40 21
99 81
300 1420
154 1
300 8160
227 71
63 61
41 81
58 51
125 91
300 8560
220 4938
296 71
245 41
300 8690
103 1
300 1450
173 31
300 8750
32 11
130 1
178 51
202 81
26 21
220 81
300 1410
264 81
222 41
25 61
199 91
97 41
300 7300
89 41
291 81
293 51
123 51
292 1
220 31
76 81
287 8405
268 11
281 11
152 2357
88 41
130 1724
243 51
300 5730
54 31
45 31
95 71
201 31
193 1
137 1
300 2000
88 21
297 11
300 9180
300 7930
300 410
260 21
87 71
163 81
175 41
77 41
300 4380
300 3030
300 1870
155 1
174 71
300 3950
165 81
49 41
220 1
270 41
187 51
46 21
161 81
300 7450
211 21
165 51
259 61
13 1
228 71
289 71
212 21
118 41
183 81
272 21
90 81
139 31
148 41
300 6960
69 61
115 91
300 8150
300 4180
300 6810
164 41
43 188
212 61
300 8130
197 91
222 11
300 4000
300 1570
14 11
300 1780
253 1
262 91
151 81
300 5160
300 8260
300 4450
300 8440
93 71
72 51
203 21
232 81
300 3420
300 1820
270 31
43 21
300 310
94 41
273 91
186 41
300 1100
291 61
300 5630
300 1440
47 81
22 21
300 5190
277 71
207 51
267 31
66 41
244 91
202 1
89 71
31 81
124 21
137 11
300 8990
300 7790
300 6440
258 51
260 11
150 51
299 1234
236 5683
32 61
139 91
300 4620
89 81
75 61
46 71
295 81
71 41
145 21
190 3683
133 11
300 990
142 71
300 7200
286 11
123 61
287 11
200 4081
182 11
300 3050
31 1
60 31
91 91
103 31
254 71
111 1
204 51
155 71
300 4730
300 1680
169 81
101 1040
300 6700
60 41
31 51
48 71
148 91
300 4020
164 51
300 2540
82 41
107 11
300 5490
300 6280
278 51
300 6300
146 91
110 1
86 41
285 1
300 6980
273 7605
300 6330
77 91
300 2690
213 51
138 21
72 71
55 1
256 1
91 61
197 61
186 11
276 11
214 51
252 51
63 31
217 31
109 31
30 41
199 71
203 71
70 61
78 91
161 11
45 1
283 41
243 91
300 5870
250 91
249 61
213 71
149 2265
300 1700
300 5090
300 4310
42 41
300 5690
275 41
298 71
42 61
230 71
41 1
300 230
91 41
300 6030
96 61
277 7829
42 21
278 21
152 91
300 6050
210 4500
67 61
238 61
300 1070
206 71
286 21
300 720
117 31
170 51
283 51
166 1
211 31
207 1
180 71
213 41
233 81
159 61
149 61
55 61
149 71
251 61
217 21
300 91
61 21
105 11
297 1
300 1910
154 31
100 11
254 51
300 8880
43 1
90 71
241 61
187 61
125 81
238 11
87 91
295 21
45 206
300 4140
205 4288
166 41
294 41
121 31
205 81
300 5360
300 4080
41 61
113 81
159 31
300 7260
300 3230
196 11
61 1
271 1
228 1
300 4710
22 41
88 11
121 41
107 41
167 2845
290 31
300 6790
300 7940
190 41
171 11
276 81
300 6730
194 31
48 91
130 31
185 91
155 91
278 7886
133 21
300 5560
158 91
32 104
300 7610
202 91
300 2960
268 21
192 81
266 71
42 91
97 71
300 940
300 3880
191 21
300 5450
84 81
260 71
143 21
275 11
90 31
300 4980
104 1
300 490
239 81
300 350
109 1
94 91
246 81
68 61
288 51
79 41
279 81
40 81
112 1
156 31
300 1600
124 11
190 71
300 7890
263 41
114 71
153 61
300 8230
300 1740
33 1
196 81
176 3160
300 5540
28 31
300 6460
50 61
272 61
68 21
33 71
32 1
131 61
300 3090
167 31
63 71
50 255
300 6590
300 4850
284 71
158 61
196 41
144 11
75 31
54 91
170 41
98 980
154 11
76 71
64 21
300 7910
60 91
121 21
211 81
300 110
127 51
67 458
40 31
214 41
75 41
18 1
128 41
270 1
43 41
82 51
225 61
182 51
300 2100
300 1160
134 1
264 91
110 51
268 81
95 81
90 1
74 558
300 6860
161 1
217 51
255 1
50 1
51 31
171 51
177 41
261 81
66 51
189 3645
300 6600
120 21
300 8380
295 51
124 31
120 1469
300 1690
203 81
5 1
53 21
162 2677
128 71
260 91
207 91
179 3269
300 71
300 5270
31 71
100 31
235 1
79 11
188 61
44 197
291 1
300 8460
300 3480
54 21
185 1
279 11
219 4893
255 71
282 71
51 71
282 11
71 51
66 11
300 3620
275 7716
179 81
300 8860
185 11
300 1130
300 1860
115 1349
249 41
71 81
157 41
53 81
43 71
175 51
181 31
212 4586
300 8600
171 2983
257 6739
120 1
245 61
300 6950
105 1
65 51
300 41
236 41
149 21
300 5230
205 51
142 51
57 1
138 61
270 81
300 6100
300 5550
300 2370
96 91
300 4990
300 790
300 9120
161 71
212 51
110 11
300 8310
205 11
300 6830
227 11
132 31
15 11
271 11
296 41
167 11
284 8230
168 51
230 31
28 61
87 772
273 61
300 8240
79 51
204 41
243 31
201 11
160 41
131 81
300 2660
177 11
177 71
195 71
38 31
103 51
36 21
59 81
94 21
224 21
14 1
300 2210
174 11
173 71
213 11
300 3360
141 71
199 1
222 81
196 61
300 1500
142 41
300 120
179 11
284 91
35 31
285 91
300 7110
91 21
300 3910
50 31
300 2160
300 5930
276 61
59 11
290 61
300 6450
300 8700
38 71
289 21
18 31
30 71
163 71
113 31
276 21
118 91
55 308
168 31
208 21
25 41
231 31
34 21
295 1
207 81
109 91
258 11
300 5660
183 41
267 91
210 81
127 41
300 5390
300 2700
157 91
245 71
119 81
57 81
170 81
195 11
111 91
145 1
198 11
184 1
288 11
298 81
106 1
211 4542
274 1
44 31
96 21
300 2130
300 8900
189 11
227 21
89 11
144 21
92 21
264 61
300 8660
63 405
249 71
58 61
300 8090
215 71
300 7160
300 8270
300 2720
101 1
266 7220
137 51
51 91
298 11
300 5590
248 11
300 9090
207 41
291 51
300 6540
102 61
300 7840
300 8120
36 132
166 31
232 1
300 3320
63 21
51 265
290 1
242 91
293 41
101 61
150 2295
214 81
21 41
300 6080
300 3610
300 5830
279 71
51 1
254 31
198 21
131 91
89 31
156 61
167 1
300 2030
255 51
285 31
98 61
276 91
228 51
300 2350
300 1060
252 81
300 2280
126 51
39 31
226 41
165 71
257 91
300 6940
279 7942
97 21
147 61
47 41
27 61
300 1810
300 3330
300 3510
255 61
153 31
102 81
26 1
208 61
67 51
125 21
26 61
300 2760
87 61
300 2090
300 6250
77 21
52 31
300 510
195 3880
300 7870
92 31
278 31
300 4570
300 6890
197 31
208 91
279 31
130 71
229 61
300 830
230 81
145 41
131 1
271 61
24 31
200 31
84 31
255 31
219 41
228 91
262 41
300 4920
272 51
162 1
106 21
222 71
112 81
300 630
288 21
300 9030
263 31
281 8057
274 61
30 91
289 81
297 91
255 11
77 31
112 41
100 71
98 71
267 11
112 71
152 41
195 1
300 6690
300 8950
227 1
300 4760
144 71
300 5140
159 81
300 9183
225 1
71 71
106 11
300 1310
226 61
300 5750
168 11
216 51
150 71
164 71
300 7280
168 1
81 31
76 1
61 81
300 4780
213 31
300 5410
175 91
300 7850
155 2451
247 81
300 2510
281 21
235 31
228 21
230 1
98 81
78 51
108 81
274 21
300 5780
287 21
300 6130
67 41
254 91
300 8790
134 91
19 31
268 91
300 290
223 31
230 11
107 1168
300 4890
233 31
189 1
300 7960
300 7800
189 51
43 81
149 41
247 1
300 480
300 1010
300 6370
36 61
170 11
151 41
163 51
213 21
208 41
300 210
98 31
69 1
173 61
300 4170
300 2980
300 2410
149 81
159 1
85 61
103 41
300 7530
78 1
135 21
113 51
80 41
49 51
43 11
110 91
233 41
276 71
104 11
122 1
156 51
138 51
251 51
33 11
300 3220
44 91
254 6583
135 61
171 91
133 81
285 41
300 6240
179 21
281 81
300 2890
46 1
300 4700
160 61
171 21
154 61
214 71
199 21
290 71
151 2326
193 31
65 31
300 1920
111 21
300 3660
143 11
107 71
300 2640
57 61
117 71
202 21
72 61
284 51
130 41
300 2270
158 21
300 900
193 81
278 91
236 1
300 160
300 21
104 51
34 1
68 471
99 71
105 71
300 4740
92 71
64 1
253 6531
188 51
291 8640
272 41
300 2520
268 41
282 61
270 21
92 863
4 1
300 5400
87 51
300 2150
220 61
300 9160
118 51
23 41
69 21
41 31
300 380
86 21
160 91
298 41
189 71
293 81
124 81
300 3600
300 870
62 21
210 21
51 81
251 1
117 1
100 81
85 71
265 71
112 51
226 51
223 81
205 71
273 51
298 31
135 1859
263 1
40 61
117 51
89 91
111 61
73 1
300 5620
131 71
142 81
228 41
300 6140
33 61
251 91
151 51
251 71
247 51
80 11
180 61
241 31
260 41
61 31
220 41
143 91
142 21
45 71
300 5610
300 7340
300 5570
93 91
155 51
52 51
106 81
119 61
155 41
208 11
284 31
219 11
300 3070
255 21
300 2480
182 41
85 31
206 81
300 8110
191 1
42 11
238 5780
212 1
160 11
214 4673
47 1
300 1460
119 91
120 31
267 41
205 61
58 21
240 51
60 51
300 8350
300 1840
52 91
271 7493
300 8980
178 81
118 61
26 31
300 170
299 31
46 81
287 71
167 61
300 1260
140 2000
300 5030
240 91
85 41
92 81
300 5250
152 81
258 71
300 890
218 11
25 21
300 5280
161 61
200 51
219 1
271 51
205 91
241 5926
17 21
272 7549
93 41
300 7170
121 81
234 71
148 71
36 1
218 21
171 31
300 570
300 5460
132 1777
83 51
120 51
274 51
184 11
300 5470
181 51
300 4750
44 61
81 61
67 21
295 91
216 61
288 71
260 51
71 514
176 31
242 11
300 7240
276 41
296 61
88 91
70 31
300 8280
242 61
185 41
49 1
191 3722
16 11
300 7980
170 2948
275 21
190 1
129 1698
139 41
300 4270
79 21
21 31
93 31
260 81
72 41
238 81
300 5840
116 1
249 1
288 61
44 21
214 1
212 41
252 21
139 21
219 71
300 7640
269 61
132 51
196 91
300 8020
273 31
300 4430
108 71
178 71
300 710
224 61
211 61
300 8760
44 81
290 91
300 7310
258 31
283 11
26 11
289 11
68 81
38 11
124 1568
129 11
300 8850
139 11
289 61
236 81
156 81
163 61
300 8840
300 4810
242 51
136 11
163 21
23 21
222 61
70 41
37 1
78 11
176 71
300 4530
297 71
41 171
289 41
180 81
103 91
287 31
299 51
300 1250
278 71
300 680
100 91
209 31
300 740
162 41
237 61
300 1940
300 8770
281 51
264 71
236 61
244 11
157 51
48 61
229 31
291 21
176 81
300 4030
155 11
204 31
300 8620
200 1
223 51
276 1
105 31
117 11
183 91
164 2744
107 21
95 91
22 1
300 5800
116 31
218 81
206 21
300 8290
56 91
20 21
81 51
181 41
300 620
31 31
189 91
257 61
300 7420
300 4050
290 51
300 500
200 11
84 71
64 417
22 11
95 21
99 11
263 7058
50 81
140 61
300 200
73 81
66 81
135 1
248 61
270 11
194 3840
232 71
153 1
300 5600
139 1
91 51
300 4130
166 21
218 61
106 71
25 11
183 61
300 4540
155 21
244 61
141 81
238 51
259 81
203 1
79 1
300 3940
300 7130
300 4950
257 81
300 5260
300 8400
229 11
300 4360
83 91
114 31
208 51
253 91
48 51
64 71
212 31
190 11
82 91
300 7710
122 51
300 650
58 11
300 5710
300 1050
62 71
201 1
181 91
58 81
252 6480
300 1850
138 41
300 3990
300 3540
138 1
117 61
281 91
300 3750
129 71
189 31
155 61
125 61
150 1
119 41
196 31
300 9130
62 11
300 8740
300 4040
51 41
173 41
85 21
300 2820
300 8330
128 51
151 91
137 81
99 51
84 91
186 81
61 71
128 1671
42 71
300 2180
240 61
127 1645
35 91
113 71
157 61
205 1
300 1000
133 1
56 31
132 11
48 31
238 41
231 11
214 31
164 31
169 21
257 51
300 3770
192 31
278 61
115 81
209 81
300 2420
142 91
300 5240
157 81
213 61
198 41
171 1
77 605
300 4960
300 4610
123 11
148 11
72 91
300 3150
300 4970
300 3120
300 1710
173 21
95 920
83 81
300 3390
173 51
300 930
120 41
203 91
198 31
243 21
300 6060
170 21
124 71
151 71
80 81
80 91
142 31
300 9100
300 1670
39 155
261 91
256 51
103 11
163 11
204 4246
155 31
158 51
136 81
108 61
282 81
288 8463
266 11
229 71
240 1
300 470
119 51
167 71
300 4090
140 41
300 5720
125 41
247 6225
283 71
263 91
162 21
111 31
64 81
173 11
136 51
300 4220
300 9080
152 61
69 41
264 51
180 91
19 21
188 21
42 31
109 41
228 11
300 3640
40 11
277 1
290 41
300 3670
300 3970
48 21
101 91
186 21
38 61
56 51
221 11
153 91
182 21
202 71
239 5828
227 41
300 5950
73 543
59 355
107 91
203 31
253 41
250 41
300 4590
189 81
300 2940
231 91
300 6870
300 1660
155 81
300 1390
134 61
147 2205
157 1
78 620
223 71
96 1
300 3530
82 71
300 2550
151 1
243 1
224 91
247 61
117 21
131 11
97 81
141 2028
55 51
184 31
249 11
247 41
245 1
207 11
183 31
300 4210
98 21
114 11
134 41
42 1
112 1280
192 71
292 21
300 2020
300 640
201 61
166 91
45 41
53 11
163 41
36 31
110 81
83 702
228 81
97 61
300 5770
300 1560
162 31
157 2515
290 81
300 6740
300 4400
300 5890
271 41
183 21
20 31
164 11
172 1
185 51
206 31
294 71
206 11
300 3650
300 4550
300 2110
300 1640
300 7010
74 21
50 91
243 81
300 670
61 11
278 81
244 6075
300 5700
144 91
46 61
300 8010
231 61
199 31
80 653
167 91
236 51
293 8760
141 41
205 21
133 31
300 1370
137 71
233 71
169 71
269 41
74 11
66 21
254 61
300 9060
247 21
261 1
21 21
300 2600
298 51
300 81
300 9000
79 81
300 5820
258 21
83 11
65 431
53 71
99 21
34 11
300 7460
140 21
300 5180
32 31
67 1
300 1490
136 31
300 970
53 61
194 61
224 51
162 71
300 6270
117 41
37 21
154 2420
300 700
300 100
300 8480
174 41
37 71
300 1270
108 51
146 1
121 61
140 31
53 41
45 81
11 1
157 11
300 7330
300 2140
173 1
210 11
143 51
133 61
250 31
282 91
234 31
300 61
272 11
68 41
295 61
300 1020
249 51
133 41
222 21
147 51
86 71
87 41
276 51
300 430
228 61
300 7690
50 41
300 7860
300 4560
174 21
219 91
299 1
196 1
116 91
233 21
149 91
221 4983
128 1
60 81
300 240
262 61
227 91
195 81
41 11
147 11
300 3890
185 3492
279 1
280 51
118 71
300 3700
280 11
300 1520
114 51
300 6910
101 31
300 3630
112 61
281 31
117 81
243 6025
118 31
188 31
104 71
300 8550
210 51
166 81
27 41
114 81
64 11
206 4330
300 2340
152 21
191 11
258 1
300 6770
158 31
179 61
282 41
300 6970
300 2990
186 61
300 3040
292 71
300 6670
250 71
226 21
33 81
300 4410
238 91
145 81
300 3080
27 1
96 51
300 3720
100 41
219 51
56 11
300 5110
300 1110
113 11
77 81
94 1
300 1540
261 31
99 61
281 61
10 1
76 589
219 31
261 41
75 91
126 91
300 220
276 31
29 21
300 3250
235 21
254 81
52 11
128 21
265 51
212 91
300 5370
41 51
236 31
217 11
300 5970
102 51
30 51
136 71
154 91
74 51
296 91
65 21
300 2930
211 51
42 81
300 1210
250 61
105 51
241 1
262 31
300 3830
178 11
196 71
207 4372
232 21
121 1493
300 7150
230 61
73 11
300 4260
285 71
272 71
51 61
159 91
300 8520
184 71
135 11
253 31
300 8100
50 71
92 61
49 21
34 51
78 71
300 1610
91 31
187 3568
250 6377
7 1
245 6125
300 6780
105 61
300 330
181 21
193 41
300 3520
229 5351
260 1
275 1
204 21
84 1
265 61
300 31
250 81
178 21
275 61
175 71
225 71
131 21
284 41
300 6180
300 520
35 41
88 61
283 61
154 51
300 150
221 61
58 41
121 91
55 91
161 21
161 51
300 6550
134 21
138 71
300 6850
300 4520
63 11
175 21
246 91
300 8030
49 11
39 11
183 3417
48 41
215 81
227 31
300 9010
192 1
30 61
196 51
204 81
145 91
247 11
300 3930
159 11
69 81
237 71
217 4805
162 51
62 41
244 41
146 61
182 91
187 41
256 91
149 51
161 41
231 1
300 3780
300 8170
300 5740
103 1082
102 1
300 1980
146 71
300 610
300 4330
236 21
162 81
300 8710
268 71
68 71
226 1
229 81
300 6750
265 1
215 31
114 21
141 51
183 11
300 7540
121 71
54 11
52 41
86 31
300 1400
188 91
151 11
134 81
300 1280
300 1030
92 91
287 81
300 1900
208 71
186 71
21 1
91 1
263 11
135 51
225 81
230 51
182 71
300 5500
179 71
199 51
123 1543
286 81
300 3410
60 21
181 81
227 5258
300 4500
264 41
156 71
300 7070
79 636
145 2145
132 21
294 31
221 91
219 21
137 61
252 91
124 1
148 61
218 91
215 91
212 11
222 1
165 1
300 4250
30 31
67 31
265 31
290 11
234 51
108 11
300 6190
300 2300
252 41
81 71
300 8970
175 81
262 1
300 3870
211 41
171 81
28 71
24 51
6 1
29 61
259 6845
278 11
300 5920
87 21
189 21
37 31
300 6430
253 11
125 11
106 61
218 71
232 5492
199 4040
15 1
72 1
234 41
136 1887
205 41
300 4650
258 81
174 81
165 2778
300 6630
300 6110
300 2290
241 11
300 3690
41 91
253 71
53 51
192 91
151 61
300 7970
28 51
140 11
137 31
57 51
100 1
201 4122
222 91
282 51
300 5850
63 91
300 9040
65 81
117 1396
56 71
226 5211
170 61
259 1
150 21
300 530
217 71
167 41
300 2730
219 61
300 1950
300 5120
65 41
63 81
152 51
293 1
27 21
300 1930
295 41
127 61
259 71
201 51
300 8300
300 3340
165 21
224 1
300 6360
300 4680
190 81
235 81
39 71
300 1330
93 51
279 21
255 81
300 7650
300 8610
234 21
258 6792
172 71
165 41
233 91
300 5910
259 51
56 320
99 1
76 31
64 51
95 11
300 6660
300 7550
85 91
230 21
300 8890
29 41
198 1
78 61
296 1
235 51
300 5070
79 31
259 31
204 91
51 11
300 8430
77 51
21 11
300 3100
300 8510
170 31
300 1590
287 91
207 61
104 81
180 3306
215 11
256 11
194 21
208 31
38 41
12 11
300 850
192 61
240 81
277 81
296 21
300 320
84 51
78 21
300 5880
43 91
272 81
54 51
168 2880
153 2388
71 21
158 81
185 81
211 1
300 190
35 61
250 1
169 11
84 61
146 11
96 940
114 61
195 91
300 7830
129 21
165 61
300 3160
159 2579
67 11
241 41
138 81
300 7490
218 41
56 61
300 2120
293 71
288 91
198 81
244 51
49 245
144 41
122 71
263 21
300 370
300 960
154 21
32 51
259 21
278 1
109 21
111 51
300 7760
62 1
300 8930
101 21
300 4820
297 31
118 81
166 51
241 81
300 4110
104 21
300 3500
300 3710
268 51
85 51
269 7383
37 41
187 1
237 31
68 91
266 31
300 3190
300 7720
300 8820
267 21
15 21
300 5580
143 61
122 41
184 61
115 1
300 2450
300 1790
288 31
191 31
300 2190
292 91
241 71
299 91
34 71
98 1
300 5220
251 6428
300 7780
210 91
141 91
40 1
93 1
300 250
227 81
300 1770
55 31
225 11
294 21
124 41
32 91
126 11
121 51
222 5028
125 71
70 21
124 91
300 8490
212 71
130 51
96 11
292 61
208 81
38 81
200 41
300 3730
146 81
289 91
236 11
192 11
246 1
300 4790
147 41
300 1080
176 1
122 91
81 41
142 2057
174 91
131 41
147 21
300 9070
28 11
300 2400
294 91
150 41
300 3570
164 1
300 8190
103 61
111 11
300 2170
188 81
125 1
169 41
48 1
300 3960
266 1
191 61
263 71
77 11
56 41
200 71
136 21
300 5010
90 11
135 41
270 51
300 4150
270 7438
241 51
219 81
266 21
300 260
109 71
229 21
125 31
126 1
76 11
75 71
288 81
273 1
104 91
62 31
94 51
58 31
76 91
146 21
300 4770
300 3820
192 21
202 31
261 11
300 7320
300 6920
174 1
268 1
297 41
98 490
300 11
197 51
252 71
277 41
300 8730
201 91
300 3240
111 71
280 61
300 4290
254 11
300 2650
298 1
101 51
295 31
232 11
110 61
235 71
122 11
147 71
300 360
163 2711
285 8288
158 71
214 21
54 71
29 11
46 41
147 81
300 5130
300 8210
83 61
208 1
107 81
30 81
168 71
300 5150
167 81
288 41
197 11
227 51
238 1
300 6900
300 1430
64 31
277 61
112 31
300 7440
12 1
127 31
182 3380
232 91
168 81
93 21
102 11
35 125
287 41
98 11
281 1
275 71
266 61
300 7360
300 8920
192 3761
300 6320
123 91
60 367
86 61
172 3018
293 11
46 215
113 91
105 81
300 2970
71 31
63 51
300 2590
20 11
299 81
264 31
242 5975
33 31
300 4340
300 1300
300 3210
73 61
300 4840
300 8340
291 71
300 7500
177 81
70 11
300 4870
126 21
300 7510
279 41
250 11
257 21
300 6650
300 2860
300 2260
280 41
70 91
133 51
262 21
244 31
129 51
300 1630
93 11
197 41
32 81
82 1
300 7740
186 51
211 91
16 1
284 11
245 21
35 81
179 41
300 3110
94 71
300 7630
280 91
32 21
93 882
63 1
235 61
118 1
300 3430
34 81
300 8140
300 7670
300 2360
90 826
29 1
292 41
115 51
176 11
300 8060
62 81
240 31
300 4470
217 1
191 41
140 81
296 11
300 7370
142 61
91 71
300 6520
300 780
253 21
49 71
266 41
300 5200
255 6635
198 71
238 71
259 91
300 1150
300 7730
271 91
211 11
132 61
114 91
85 81
48 235
57 41
125 51
280 8000
294 61
50 21
33 91
55 11
136 1
300 2070
72 31
160 2612
147 91
116 41
148 51
257 41
197 71
239 71
83 31
115 11
271 81
300 7400
236 71
300 6800
300 4510
300 1470
210 71
252 31
269 21
300 7990
121 11
24 11
187 21
144 2115
134 51
81 11
100 61
194 51
297 51
160 81
39 21
164 81
148 1
204 11
110 21
74 81
300 51
52 61
101 71
192 51
94 81
59 71
300 3440
92 1
127 71
28 1
53 286
209 61
168 91
235 11
206 51
275 81
103 71
291 41
188 41
231 5445
273 41
300 400
221 1
292 81
52 1
61 379
232 31
263 51
300 2570
29 81
29 31
63 41
156 1
58 91
300 8370
224 5120
108 31
300 1970
108 21
46 11
283 1
300 4160
300 1220
300 7770
248 81
269 81
300 6680
153 11
300 5430
117 91
223 5074
300 5980
242 71
300 3400
300 6150
300 2050
28 21
88 1
216 91
135 71
174 3089
96 81
144 31
238 21
210 1
195 41
78 41
253 61
300 560
159 41
300 8040
300 1
300 8780
45 21
177 1
300 9020
23 11
89 51
283 91
159 51
274 91
176 41
86 51
143 31
139 1971
133 1805
252 11
300 5440
300 3310
239 61
46 31
268 61
276 7773
300 1530
162 61
164 61
104 1103
300 3170
90 21
269 51
184 51
97 11
300 1180
144 61
249 21
300 5940
234 1
300 4070
265 91
239 51
300 7590
286 61
209 4457
300 3470
175 61
214 91
127 81
59 21
90 41
300 980
291 91
256 71
220 71
30 1
103 21
60 11
145 61
300 3260
283 8172
130 21
249 6326
300 7050
32 41
300 5760
30 11
300 9050
67 91
283 31
300 2810
300 5860
58 71
297 61
164 21
251 81
300 800
115 21
23 1
257 31
254 21
229 91
272 31
285 11
299 71
182 61
153 51
300 2910
256 6687
280 31
180 51
300 4830
38 147
152 71
300 8080
300 2490
25 1
182 1
66 71
236 91
270 91
68 51
187 31
88 81
184 81
300 660
115 71
237 41
300 4200
300 3740
258 91
56 21
126 71
111 41
76 51
87 81
300 6070
300 6610
186 3530
163 31
194 81
31 41
169 31
300 590
94 11
190 91
233 5539
300 280
300 3900
300 5210
145 51
262 11
199 11
86 81
214 61
267 1
209 51
61 91
300 1750
300 3800
269 71
293 91
300 2560
54 41
169 91
300 3790
50 51
300 6200
84 720
172 61
300 1830
196 21
188 3606
222 31
135 31
19 11
256 21
77 61
54 1
268 31
300 7090
213 91
82 81
300 3180
64 41
242 1
297 81
300 1510
300 4440
81 669
300 5520
33 41
90 51
38 21
221 81
146 31
40 71
191 81
265 41
126 1620
210 41
60 61
285 51
300 3590
52 21
300 6640
261 71
209 1
273 81
193 21
300 1760
72 11
50 11
154 71
274 7660
300 3450
185 61
215 4716
161 2645
58 343
224 11
165 31
68 1
281 41
193 51
285 81
85 11
16 21
215 51
235 91
124 51
282 1
74 31
216 4760
246 31
193 91
223 1
300 3000
122 1518
26 51
300 440
106 1146
279 91
145 11
81 21
171 71
66 1
168 61
217 81
300 4580
223 91
297 21
300 8050
59 61
32 71
300 3810
300 130
23 31
43 51
116 81
279 51
300 8500
173 81
300 270
207 21
300 2680
243 41
300 2850
300 8580
148 21
300 580
197 21
300 4930
300 6620
300 6510
65 91
300 2880
163 91
62 61
90 61
27 51
177 61
30 21
240 71
251 31
80 61
245 81
299 21
137 21
34 31
300 6260
252 1
115 31
300 1320
208 4414
126 61
202 41
153 71
128 11
221 31
138 91
99 41
295 8880
300 3290
151 31
82 31
49 81
154 81
178 91
183 1
226 81
300 6090
209 91
106 51
298 21
300 180
246 51
206 61
274 41
221 51
246 71
139 71
247 31
239 1
300 2840
297 9000
48 11
216 31
176 21
279 61
300 8470
61 51
122 61
86 754
300 8650
153 21
191 71
107 31
58 1
231 41
300 8410
95 1
300 3490
245 31
300 6410
73 91
187 81
34 61
199 61
71 1
66 61
129 81
181 61
199 81
300 6710
300 9140
300 750
298 91
169 2914
242 31
68 11
45 61
119 71
300 5340
99 91
83 41
300 7290
39 41
170 91
300 2630
300 5530
113 61
180 41
45 11
251 21
179 31
173 91
166 2811
205 31
77 71
300 7470
131 1751
34 91
233 11
108 91
300 4190
246 6175
87 11
37 91
300 1380
289 51
59 41
190 61
83 21
173 3053
300 1720
72 81
206 41
147 1
300 1350
244 21
277 51
188 71
300 4600
300 2470
300 7080
88 51
193 61
202 4163
207 71
169 51
86 11
257 1
296 31
300 2460
300 8810
69 71
300 6020
194 1
34 41
300 860
38 1
87 1
300 2920
224 31
46 51
200 21
300 1620
300 300
86 1
179 51
44 11
79 71
271 21
144 51
17 1
80 21
300 4060
298 61
73 71
239 41
300 5320
241 91
150 11
300 7390
244 81
97 960
231 71
300 6010
248 51
225 21
300 4690
194 11
300 2620
300 6040
209 11
300 6560
134 71
129 31
185 71
191 51
260 6897
186 91
242 81
166 71
300 8570
68 31
75 573
47 71
28 41
291 11
24 21
153 41
224 71
139 61
300 8800
300 5510
82 686
200 61
41 21
248 91
132 81
64 61
300 2740
102 31
128 81
187 71
300 6120
127 21
300 2240
215 41
194 91
172 21
111 1257
300 1230
261 21
175 3125
191 91
119 21
107 61
234 61
300 6420
261 6951
300 7880
300 5680
300 3860
274 81
300 840
35 1
293 21
247 71
120 81
203 11
177 91
248 41
300 880
133 91
149 1
284 1
193 11
147 31
272 1
203 4205
246 61
116 1373
282 8114
287 61
198 91
300 2790
143 71
64 91
188 11
74 41
300 6340
119 31
70 51
300 4900
289 8522
115 41
201 81
300 5100
162 11
95 61
223 61
300 3350
246 41
277 21
300 8000
255 41
300 760
123 31
190 21
105 91
75 1
300 2770
61 61
180 11
300 8960
300 6380
300 5480
47 31
113 1302
53 1
217 91
300 5640
152 1
300 2950
225 91
211 71
94 901
231 81
80 31
129 41
300 2320
62 91
110 1234
273 71
299 61
153 81
127 11
245 91
39 61
300 1170
300 6720
300 1880
300 5350
89 1
158 1
85 737
122 21
300 7600
300 7580
280 1
182 31
300 8530
57 91
118 21
27 31
44 71
36 11
93 61
133 71
209 41
225 5165
57 331
181 1
109 81
57 71
94 31
166 61
300 9170
31 21
225 51
292 11
160 71
233 1
259 11
284 61
300 5050
103 81
100 1020
31 61
284 81
60 71
130 61
300 5310
256 81
300 4670
264 7111
268 7328
234 81
99 1000
125 1594
300 2750
300 2230
300 1140
19 1
300 7660
122 31
177 31
250 21
269 11
234 5587
206 1
143 2086
49 91
47 225
59 51
300 7020
251 11
300 8630
40 163
293 31
84 11
300 4240
228 5304
47 61
230 5397
299 41
300 4370
73 21
262 7004
300 3140
300 6210
241 21
156 41
110 41
300 7920
187 11
170 1
176 51
300 4120
31 91
273 21
206 91
233 51
271 31
300 7900
83 1
300 6230
272 91
33 51
300 4880
300 4460
300 8070
300 2380
163 1
300 8720
300 2870
300 7680
33 111
300 6310
218 31
300 8250
300 8670
44 1
274 71
145 71
132 91
300 7700
300 6490
178 3233
264 11
300 340
216 21
52 81
242 21
69 485
260 61
282 31
300 5790
186 1
300 5990
176 91
213 81
109 61
185 31
300 600
300 3580
36 81
141 11
59 91
287 1
300 6390
265 7165
135 91
300 7950
300 6580
262 71
226 11
144 81
269 91
282 21
195 31
35 21
295 11
143 1
127 1
300 7190
300 4300
300 1480
141 31
109 1212
185 21
158 2547
149 31
181 3342
240 41
88 790
140 1
204 1
294 81
174 31
172 31
226 71
300 810
59 31
66 444
128 61
300 2010
98 91
150 31
22 31
262 51
300 2440
175 11
300 7480
300 1990
300 7030
271 71
235 5635
56 1
202 61
248 1
300 2780
300 8450
226 91
207 31
178 31
300 1240
152 11
224 81
300 6290
179 1
232 61
134 11
300 2060
300 5060
227 61
266 81
168 41
278 41
264 21
130 11
91 11
36 91
300 7560
267 81
300 6470
114 1
288 1
23 51
300 3280
109 11
79 91
300 3760
204 71
127 91
270 71
124 61
275 91
300 8910
235 41
229 41
123 71
300 4630
300 8360
251 41
172 51
74 71
223 21
27 11
300 7180
47 51
300 5000
161 31
119 1445
258 41
248 71
210 61
210 31
95 51
300 2800
265 81
239 21
71 91
300 2330
51 21
123 41
78 31
300 8320
20 1
177 51
123 21
182 81
256 61
168 21
267 71
25 51
169 61
300 7060
136 61
256 31
47 11
212 81
198 51
300 450
105 41
265 11
120 61
237 1
75 81
160 21
261 51
220 91
197 81
198 4000
73 41
183 71
221 21
180 1
66 31
92 51
300 6000
36 51
98 51
277 11
37 11
253 81
170 71
300 7140
232 41
178 1
90 91
300 4660
162 91
166 11
142 11
300 2830
249 81
69 11
101 41
300 2080
39 51
300 7040
65 71
97 91
89 21
300 4940
159 71
98 41
217 41
260 31
105 1125
300 7230
256 41
57 11
82 11
35 71
97 1
59 1
300 6500
74 91
277 31
218 4849
237 91
300 6760
218 51
229 1
294 1
99 31
248 21
94 61
84 41
45 51
74 1
300 5290
116 11
234 11
266 91
237 5731
178 61
203 51
29 51
221 41
286 8346
69 31
43 31
123 81
252 61
264 1
172 91
152 31
203 61
180 21
82 21
300 7410
300 3130
53 31
31 11
197 1
283 81
190 31
230 91
87 31
102 91
193 3800
300 7430
174 61
300 1340
62 51
55 71
198 61
54 81
112 91
96 41
239 11
300 770
200 81
136 91
267 61
35 51
246 21
300 4480
300 6350
292 8700
202 11
266 51
81 81
41 71
300 6400
116 61
95 41
231 51
34 117
156 91
195 61
114 1326
270 61
300 5020
169 1
300 7250
73 31
234 91
106 41
249 91
189 41
300 7570
18 21
156 11
41 41
300 1650
300 140
192 41
54 61
253 51
300 6880
105 21
265 21
199 41
300 4420
141 21
141 61
141 1
216 11
164 91
300 690
300 550
8 1
181 11
172 81
300 1360
109 51
300 7220
300 5040
269 31
300 2670
129 1
222 51
293 61
88 71
300 1290
221 71
300 4490
82 61
137 41
300 8940
226 31
216 81
300 4280
300 7380
194 41
274 11
299 11
300 1730
172 41
244 71
130 81
120 71
52 71
148 2235
52 275
300 5380
300 2710
24 41
35 11
121 1
300 1890
294 11
300 2430
67 71
93 81
161 91
38 91
225 31
148 81
300 5810
249 31
218 1
150 81
29 71
300 4010
243 11
139 81
247 91
189 61
33 21
300 2040
104 41
300 950
84 21
70 81
280 81
255 91
102 21
158 11
178 41
38 51
223 41
204 61
39 91
146 2175
175 31
300 6480
296 8940
300 7750
280 21
224 41
9 1
132 41
195 51
300 3920
300 2530
213 1
215 61
80 1
96 31
42 51
140 51
298 9061
151 21
220 11
146 51
91 81
196 3920
184 21
76 61
300 7100
300 3370
110 31
299 9122
300 1580
300 910
123 1
137 91
237 11
126 41
108 1190
74 61
286 71
157 71
66 91
113 1
37 61
154 41
120 11
214 11
273 11
300 6990
129 61
300 2580
300 3560
134 1832
187 91
47 21
300 3850
138 31
284 21
143 41
300 6840
300 7000
65 11
286 91
201 41
37 51
75 21
286 41
37 139
55 41
118 1420
148 31
275 31
179 91
281 71
300 2310
269 1
237 51
300 1190
286 31
174 51
71 11
112 21
167 21
225 41
283 21
101 11
140 71
126 81
217 61
159 21
104 61
171 61
300 5900
240 11
300 7120
300 3270
77 1
254 41
138 1943
89 808
300 5650
248 31
261 61
300 8390
91 845
80 51
238 31
300 5420
263 81
300 3380
220 21
55 81
134 31
300 5330
171 41
300 4860
183 51
300 5170
65 1
157 31
72 21
300 3980
300 730
184 91
300 2900
242 41
70 1
237 21
233 61
300 2200
300 5080
60 1
291 31
240 5877
55 21
300 9110
53 91
300 8680
40 41
131 31
188 1
240 21
245 51
300 7350
223 11
300 8830
40 51
115 61
300 2610
290 21
11 11
258 61
203 41
202 51
27 71
289 1
172 11
274 31
296 51
160 31
24 1
49 61
157 21
277 91
181 71
106 91
89 61
116 71
200 91
107 1
92 41
215 1
131 51
209 21
100 21
300 8180
262 81
81 1
180 31
216 1
263 61
120 91
229 51
26 41
57 31
254 1
119 1
111 81
113 21
51 51
292 51
300 6530
75 11
49 31
78 81
39 81
295 71
300 2220
116 51
101 81
102 71
239 31
250 51
300 3060
300 1960
76 21
44 41
194 71
290 8581
43 61
300 8540
300 3460
81 91
132 71
70 500
285 61
300 4800
104 31
119 11
215 21
36 71
129 91
292 31
126 31
176 61
267 7274
108 41
300 3680
300 920
300 4100
300 3200
48 81
39 1
231 21
300 8420
13 11
300 4230
112 11
294 8820
65 61
243 61
132 1
140 91
300 460
300 7620
300 6160
300 7520
