100
3 8
5 6 9 4 8 2 1 7
3 1
2
3 10
2 4 8 16 32 64 100 100 100 100
3 10
1 4 4 4 4 4 4 4 4 4
100 1
100
3 5
11 20 60 22 100
2 10
100 100 100 100 100 100 100 100 100 100
3 5
100 100 100 100 100
3 4
1 6 12 49
2 6
9 64 19 16 81 80
1 10
100 100 100 100 100 100 100 100 100 100
1 10
1 1 1 1 1 1 1 1 1 1
7 7
60 67 16 18 85 28 5
19 4
5 1 1 1
3 1
32
1 7
21 15 37 16 68 67 46
15 2
94 1
1 6
54 23 1 75 52 1
2 9
5 51 29 45 44 23 2 38 43
17 3
9 14 1
22 3
62 53 3
2 9
19 31 1 13 5 31 24 77 35
4 9
5 27 2 21 69 57 9 89 75
9 9
90 21 75 99 47 1 22 31 3
1 7
65 69 6 1 4 11 9
1 5
56 48 66 1 1
2 9
56 5 13 20 41 4 23 2 30
4 1
1
24 8
82 32 16 31 1 19 38 2
17 7
16 65 99 35 44 32 84
25 5
48 95 53 12 63
14 7
28 14 63 7 3 1 39
2 5
73 27 6 73 31
1 8
47 21 7 85 56 12 55 82
3 1
10
16 7
47 65 13 25 22 29 19
10 2
16 41
7 5
77 46 28 36 27
5 9
6 27 3 29 24 35 37 52 95
14 1
2
1 8
1 1 88 42 48 10 34 74
10 3
1 69 85
11 7
1 8 26 46 70 6 85
1 7
54 42 26 12 48 66 34
1 7
42 34 22 62 1 87 43
9 7
88 36 31 36 1 78 4
13 4
1 93 43 33
1 3
31 20 37
15 5
16 73 43 43 1
2 9
1 31 53 57 11 65 8 6 16
25 7
47 22 1 2 30 24 12
12 3
5 15 49
1 2
1 2
6 2
9 28
1 7
6 49 2 24 43 6 4
1 8
86 97 17 7 2 60 30 1
9 9
68 64 22 11 75 29 19 14 10
3 2
38 74
16 2
24 65
1 2
7 98
10 2
8 3
1 7
20 32 12 23 80 80 1
18 6
19 1 3 7 15 73
5 9
67 71 19 56 31 3 71 48 52
20 7
60 70 30 36 20 5 62
7 1
46
2 8
45 76 1 63 29 35 3 4
20 4
29 48 23 66
1 4
1 33 18 1
8 8
17 46 72 56 86 74 29 24
12 5
29 1 47 23 27
2 8
47 13 82 60 8 98 5 83
13 3
71 18 39
1 8
93 4 11 27 31 20 25 5
24 1
3
1 8
7 41 5 36 54 37 39 1
4 8
1 9 67 34 48 11 68 10
9 5
4 8 39 10 44
4 9
98 21 26 4 1 24 6 1 3
2 1
9
13 6
49 5 23 56 34 12
3 4
43 96 17 85
18 1
64
17 9
56 57 49 2 40 2 1 85 5
1 2
1 82
21 1
1
8 4
95 38 65 7
16 7
49 19 1 47 80 34 4
21 5
2 13 4 88 79
3 9
20 91 1 19 27 30 59 88 12
18 5
5 32 98 23 99
2 2
47 80
11 1
99
8 1
1
3 7
5 92 88 1 17 39 57
2 4
9 83 32 31
2 2
9 52
17 2
92 33
1 8
2 51 83 9 32 1 14 1
1 3
14 62 62
